0 0 0 0
60 2 50 50
0 0 0 0
60 4 50 50 
0 0 0 0
200 25 0 0
100 6 50 50
0 0 0 0 
100 6 50 50 
120 8 50 50 
0 0 0 0
140 10 100 100 
150 0 0 0
140 10 100 100 
160 12 100 100 
200 25 0 0
180 14 100 100 
0 0 0 0
180 14 100 100 
200 16 150 150 
0 0 0 0
220 18 150 150 
0 0 0 0
220 18 150 150 
240 20 150 150 
200 25 0 0
260 22 150 150 
260 22 150 150 
150 0 0 0
280 24 150 150 
0 0 0 0
300 26 200 200 
300 26 200 200 
0 0 0 0
320 35 200 200
200 25 0 0
0 0 0 0
350 50 200 200
0 0 0 0
400 50 200 200





